1000
69067
49587
56533
29103
88091
20457
78208
75670
17433
86486
39576
97069
80371
47793
73610
65095
34001
99949
22459
30402
34650
39626
45150
50902
30429
57785
75580
70109
58015
50433
35775
74177
74949
58103
10936
92041
92131
76355
85140
32375
61694
61395
24875
43935
83485
12824
51402
75177
51626
37121
35438
32702
36784
84738
43620
83621
94423
59224
51767
34743
88717
72593
59498
95503
50314
88202
98689
81988
98129
64174
73020
59225
37877
69139
14329
51217
22171
47233
34531
53904
79483
57739
97468
96059
77184
67883
70910
33862
50109
70018
98482
71070
50725
10401
69536
98801
78860
65877
32022
70805
48552
29043
49683
93297
45518
10808
57995
75745
84670
63772
47168
57569
68437
33533
57703
22908
17779
28620
34011
64765
37394
33547
51806
66042
61818
70348
50886
33047
44445
21655
66684
43074
39582
78593
55682
36285
29706
12418
50843
50153
51832
39102
22680
19674
29790
54376
43556
91553
40621
75320
77087
20899
53741
71771
84577
85908
34377
60977
64866
58852
29942
29646
56258
60090
72958
81203
24248
64009
71738
15239
79226
51952
15543
56180
76932
22030
29320
42016
27359
95976
36471
23222
87530
93934
97090
15741
54439
43607
87914
39624
58593
52400
67127
97231
62058
73970
61593
34306
27533
81448
95309
11814
85283
23029
72392
31530
36955
36548
15606
44480
95338
98560
26890
52822
51014
89079
49459
15910
71217
29575
84755
35008
56295
62478
29774
60481
58601
21002
24854
60622
24844
65698
26100
83096
89896
66524
84010
92929
69851
94656
39098
14310
41698
65784
84611
48621
86735
92694
60226
14860
62728
83075
98562
69030
81330
59088
16554
43855
23924
76819
14576
52955
39695
66057
83060
42118
29046
17557
93013
12529
92243
74454
58154
59958
15195
68435
60073
27008
38570
88457
18707
65291
47161
51865
88687
81420
17507
79316
73517
23554
35635
27373
16866
27111
71104
49753
29875
19689
17617
73736
26495
71625
10391
13615
33330
21461
90069
16794
81737
11431
95647
36964
64297
45038
71680
92383
63543
87074
35969
84072
51862
71999
38592
36100
94093
68334
36286
62489
59499
75421
62169
69530
84312
88827
77452
23765
63120
23240
41322
52299
55209
30837
33506
97515
61817
60799
41994
96416
89505
71436
51763
43028
84803
26991
26138
13290
27553
32030
11962
86824
32661
43668
70919
94318
25999
91462
47542
57052
20796
71177
95575
89152
57300
22377
87463
95855
15868
68867
32729
46211
58232
66982
35729
69641
43605
91996
95489
56478
64386
86589
22941
89151
21231
32442
80836
71408
20359
82848
60262
73954
49164
17940
16016
83765
49044
39446
75199
59582
67119
91772
75180
87095
69652
24628
43529
97778
64290
49817
76726
68985
63446
30305
17608
47629
19499
47869
60768
40814
35294
63043
60624
80129
81972
72448
72769
54778
13420
12174
54259
19208
40324
86830
13177
24206
24166
82972
44112
38307
57905
96617
58815
38391
28543
33584
48509
85513
59266
99099
95986
67746
73050
70974
27153
23608
67445
68593
98181
44626
75369
76229
65044
38213
75514
79239
95516
19215
57996
85512
36760
54429
20398
76940
48262
56912
73789
47063
26781
82632
25188
86296
91542
34287
67159
72086
47460
33603
98259
69276
13788
15479
45151
23182
77135
61104
84148
31644
12987
92810
96204
27028
39565
21855
74230
67211
28795
63489
93035
96054
90110
10102
71824
20756
96501
30716
39746
19412
57441
53573
89107
79922
80832
83612
56976
76209
53844
14518
93599
71062
58915
42558
52638
29068
48896
85793
25970
28993
57682
51163
60506
49399
67414
79262
13030
59056
27881
35647
76437
37185
53700
68073
60805
51398
11318
20072
40411
88918
57815
46669
95733
10864
89793
56593
92332
41668
67877
35894
30065
86093
37282
13878
36537
60965
74705
93099
58094
55450
36594
69962
61055
64471
63583
70213
10984
41986
76763
17717
60352
42930
11853
34813
51040
45307
18261
13225
60721
75691
15668
98102
67992
99148
96526
57910
13450
14102
52481
26488
96023
80844
63544
66334
87546
61744
68840
97957
13918
46515
88610
26128
12656
56330
66753
94387
69205
72131
62871
51091
74391
39128
92503
85474
24332
67864
14595
79190
72570
10392
58533
47060
14146
15653
77124
60483
31943
24592
88201
55407
82749
22887
79180
98096
32138
33314
89210
89295
51871
90674
39752
72629
47469
73571
70184
73045
93246
24223
10180
15211
61977
57948
85958
38947
45526
55155
47103
77862
75422
85926
34298
46913
97888
99940
77890
47236
44523
17153
11986
90318
93265
86069
26819
40669
93030
35585
14185
55931
53975
34334
52297
38751
16738
32413
71166
34385
50155
11689
91237
44831
90293
84163
56037
72087
15638
27374
56353
79110
50261
11945
50579
88683
94651
42850
15143
86106
36598
60337
60649
57065
11812
33802
99368
68696
88796
97330
42680
57356
55576
29396
69499
92664
13386
95425
11038
10343
53175
47100
31289
93954
45784
27536
77973
55431
71162
17178
62352
59847
74921
18235
99450
52621
83217
58033
92300
45800
31501
43071
61725
12148
66174
13689
99463
88980
49620
75969
91489
92732
65842
86988
71359
78845
86379
91233
25451
39600
43020
10681
18750
56541
48213
35649
56549
77694
14453
47044
60664
30521
56783
57289
26907
90185
78070
51421
73740
33510
23217
33088
82543
15758
49043
41348
65878
21859
74094
61666
25981
93894
93707
93546
78116
70204
67092
42229
64641
21320
46598
84937
67865
24547
23976
33312
20074
16208
45608
81610
43023
72320
14492
53832
41497
93100
30136
32556
54150
21992
78509
41162
57887
36590
33682
88977
66530
57908
86844
97192
61434
75848
56612
58208
33282
11652
54544
83244
70845
43385
18780
88521
40188
74227
74110
11024
38827
35363
30847
77081
82817
60525
91468
30203
73334
93071
49318
14457
37432
94971
37554
43512
35913
31790
79415
51669
68036
16429
77100
75616
35980
17798
11305
20981
25893
12036
58916
11703
85853
57823
39156
59930
62129
72861
71887
70130
18253
63575
90134
87205
76379
78379
14447
50207
72800
33144
86251
99865
64097
42461
92804
44988
58985
45923
72174
71309
32634
88047
19666
73925
68704
34014
71019
44867
22295
65264
32023
99787
96081
55788
13551
40586
79482
10522
49673
75875
93102
19501
69027
89864
45891
50075
31649
73333
62111
63853
93259
59717
20780
30545
51041
23665
56840
14949
23913
76613
14647
87420
43655
58369
67477
73116
33948
20943
29257
91512
75372
17935
83463
47204
46843
38089
22916
74558
25792
35972
20945
85171
